13085 0
hodge 0
u13130 0
13370 0
tenzig 0
klaus 0
stella 0
tavish 0
cinful1 0
cinful2 0
cinful3 0
dagaf 0
danelle 0
diguus 0
evum 0
fatima 0
flip 0
fourf 0
giepum 0
grande 0
gyma 0
hobe 0
huck 0
ifisi 0
jason 0
jaws 0
ji 0
kake1 0
latidu 0
lere 0
leviathan 0
machiavelli 0
magellan 0
milt 0
mouse 0
ofovin 0
oleus 0
omor 0
ophelia 0
opie 0
ovamef 0
park 0
prem 0
prem1 0
prem2 0
reina 0
reiver 0
retro2 0
retrosor1 0
rire 0
rire1 0
rire7 0
romania 0
ruda 0
sabrina 0
shadow 0
sire 0
stonor 0
sukkula 0
tekay 0
thalos 0
tim 0
tnt 0
tortl 0
toto 0
ulysses 0
unun 0
victim 0
waba 0
wham 0
xilon 0
yemi 0
zeon 0
ac 1
bmiteA 1
bmiteB 1
bmiteC 1
bmiteD 1
bmiteE 1
bmiteF 1
cacta 1
doppia 1
ds 1
gnat 1
harbinger 1
hat1 1
hat2 1
hat3 1
heartbreaker 1
helitron1 1
helitron2 1
helitron3 1
helitron4 1
helitron5 1
hopscotch1 1
hopscotch2 1
hopscotch3 1
isb 1
mariner1 1
mariner2 1
mite1 1
mite2 1
misfit 1
mu1 1
mu3 1
mu4 1
mu5 1
mu7 1
mu8 1
mudr 1
pif1 1
pif2 1
pong 1
raider 1
shooter 1
spm1 1
stowaway1 1
stowaway2 1
tourist1 1
tourist2 1
tourist3 1
tourist4 1
tourist5 1
tourist6 1
10000 1
10001 1
10010 1
10011 1
10015 1
10019 1
10021 1
10026 1
10027 1
10032 1
10033 1
10035 1
10036 1
10037 1
10041 1
10050 1
10057 1
10058 1
10071 1
10077 1
10082 1
10084 1
10093 1
10095 1
10099 1
10104 1
u10106 1
10108 1
10112 1
10114 1
10121 1
10122 1
10132 1
10136 1
10143 1
10151 1
10159 1
10165 1
10173 1
10174 1
10178 1
10184 1
10185 1
10187 1
10190 1
10202 1
10205 1
10216 1
10219 1
10222 1
10234 1
10235 1
10245 1
10246 1
10247 1
10257 1
10266 1
10268 1
10273 1
10274 1
10278 1
10287 1
u10293 1
10298 1
10313 1
10314 1
10316 1
10321 1
10331 1
10333 1
10339 1
10353 1
10360 1
10368 1
10375 1
10380 1
10388 1
10390 1
10402 1
10407 1
10411 1
10417 1
10426 1
10427 1
10428 1
10430 1
10445 1
10463 1
10467 1
10469 1
10487 1
10489 1
10491 1
10492 1
10500 1
10521 1
10522 1
10526 1
10531 1
10535 1
10574 1
10577 1
10583 1
10584 1
10599 1
10600 1
10607 1
10609 1
10611 1
10615 1
10624 1
10631 1
10634 1
10644 1
10649 1
10652 1
10673 1
10682 1
10685 1
10693 1
10703 1
10709 1
10717 1
10731 1
10740 1
10749 1
10757 1
10762 1
10763 1
10777 1
10788 1
10789 1
10791 1
10799 1
10814 1
10819 1
10822 1
10854 1
10861 1
10868 1
10869 1
10874 1
10877 1
10958 1
10969 1
10970 1
10974 1
10999 1
11020 1
11034 1
11061 1
11073 1
11076 1
11082 1
11093 1
11122 1
11146 1
11156 1
11169 1
11206 1
11249 1
11259 1
11314 1
11358 1
11372 1
11391 1
11411 1
11437 1
11445 1
11461 1
11468 1
11490 1
115424 1
115427 1
115429 1
115435 1
115436 1
115437 1
115441 1
115443 1
115460 1
11572 1
115738 1
115742 1
115776 1
115784 1
115913 1
115957 1
115960 1
115966 1
116061 1
11626 1
11727 1
11738 1
11746 1
11823 1
12024 1
12379 1
12640 1
13001 1
13002 1
13007 1
13008 1
13012 1
13017 1
13019 1
13020 1
13023 1
13032 1
13037 1
13042 1
13043 1
13048 1
13053 1
13054 1
13055 1
13056 1
13060 1
13062 1
13063 1
13064 1
13072 1
13074 1
13078 1
13084 1
13092 1
13096 1
13099 1
13106 1
13112 1
13118 1
13119 1
13124 1
u13128 1
u13129 1
13131 1
13133 1
13141 1
13142 1
13143 1
13145 1
13151 1
13172 1
13173 1
13174 1
13183 1
13185 1
13189 1
13195 1
13217 1
13223 1
13227 1
13230 1
13242 1
13243 1
13247 1
13252 1
13265 1
13268 1
13270 1
13271 1
13272 1
13273 1
13277 1
13280 1
13281 1
13282 1
13283 1
13291 1
13292 1
13294 1
13298 1
13300 1
13307 1
13312 1
13313 1
13325 1
13326 1
13329 1
13331 1
13333 1
13351 1
13355 1
13357 1
13500 1
13501 1
13507 1
13552 1
13553 1
13554 1
13571 1
13572 1
13574 1
13575 1
13581 1
13587 1
13595 1
13596 1
13599 1
13601 1
13605 1
13611 1
13799 1
13846 1
13891 1
13921 1
13930 1
13931 1
13932 1
13935 1
13938 1
13939 1
1405 1
1406 1
1408 1
1409 1
1410 1
1491 1
1492 1
1500 1
1501 1
1510 1
1511 1
1512 1
1515 1
1518 1
1521 1
1524 1
1527 1
1530 1
1533 1
1536 1
1539 1
1542 1
1545 1
1552 1
1553 1
1554 1
1557 1
1561 1
1564 1
1566 1
1569 1
1572 1
1575 1
1578 1
1580 1
1585 1
1586 1
1587 1
1588 1
1591 1
1594 1
1597 1
1600 1
1603 1
1610 1
1613 1
1616 1
1619 1
1620 1
1621 1
1622 1
1625 1
1626 1
1627 1
1628 1
1631 1
1634 1
1637 1
1640 1
1641 1
1642 1
1645 1
1646 1
1649 1
1652 1
1655 1
1658 1
1659 1
1660 1
1663 1
1664 1
1665 1
1668 1
1671 1
1672 1
1673 1
1676 1
1679 1
1682 1
1691 1
1692 1
1693 1
1696 1
1699 1
1704 1
1707 1
1712 1
1715 1
1716 1
1717 1
1720 1
1721 1
1722 1
1725 1
1728 1
1729 1
1730 1
1733 1
1736 1
1739 1
1740 1
1741 1
1744 1
1747 1
1750 1
1753 1
1754 1
1755 1
1758 1
1761 1
1766 1
1769 1
1772 1
1775 1
1778 1
1781 1
1782 1
1783 1
1786 1
1789 1
1792 1
1793 1
1794 1
1795 1
1796 1
1797 1
1798 1
1801 1
1802 1
1803 1
1804 1
1809 1
1810 1
1811 1
1813 1
1814 1
1815 1
1816 1
1818 1
1819 1
1820 1
1821 1
1824 1
1825 1
1826 1
1827 1
1828 1
1829 1
1830 1
1831 1
1832 1
1835 1
1836 1
1837 1
1838 1
1839 1
1840 1
1841 1
1842 1
1843 1
1844 1
1847 1
1848 1
1849 1
1856 1
1858 1
1861 1
1862 1
1863 1
1866 1
1867 1
1870 1
1872 1
1874 1
1877 1
1878 1
1879 1
1880 1
1881 1
1888 1
1889 1
1890 1
1891 1
1892 1
1895 1
1898 1
1901 1
1902 1
1903 1
1906 1
1909 1
1910 1
1911 1
1912 1
1915 1
1916 1
1917 1
1918 1
1919 1
1922 1
1923 1
1924 1
1925 1
1926 1
1927 1
1928 1
1929 1
1930 1
1933 1
1950 1
1961 1
1962 1
1971 1
1982 1
1985 1
2001 1
2002 1
2003 1
2004 1
2005 1
2006 1
2007 1
2008 1
2009 1
2010 1
2011 1
2012 1
2013 1
2014 1
2015 1
2016 1
2017 1
2018 1
2019 1
2020 1
2021 1
2022 1
2023 1
2024 1
2027 1
2032 1
2045 1
2046 1
2047 1
2049 1
2050 1
2051 1
2052 1
2060 1
2062 1
2063 1
2065 1
2066 1
2067 1
2083 1
2085 1
2093 1
2095 1
2096 1
2097 1
2108 1
2308 1
2309 1
2310 1
2311 1
2312 1
2313 1
2314 1
2315 1
2316 1
2317 1
2326 1
2330 1
2351 1
2352 1
2356 1
2362 1
2365 1
2370 1
2371 1
2372 1
2374 1
2376 1
2377 1
2378 1
2379 1
2380 1
2381 1
2382 1
2384 1
2391 1
2404 1
2405 1
2420 1
2422 1
2424 1
2428 1
2457 1
2458 1
2459 1
2476 1
2494 1
2503 1
2540 1
2543 1
2556 1
2557 1
2570 1
2571 1
2572 1
2621 1
2622 1
2637 1
2659 1
2662 1
2675 1
2676 1
2690 1
2705 1
2707 1
2708 1
2709 1
2711 1
2717 1
2718 1
2719 1
2720 1
2721 1
2722 1
2723 1
2738 1
2744 1
2768 1
2780 1
2783 1
2803 1
2817 1
2950 1
3074 1
3075 1
3078 1
3080 1
3109 1
3111 1
3115 1
3125 1
3142 1
3158 1
3164 1
3165 1
3169 1
3170 1
3171 1
3172 1
3175 1
3180 1
3182 1
3188 1
3192 1
3207 1
3220 1
3221 1
3240 1
3241 1
3243 1
3244 1
3245 1
3246 1
3247 1
3250 1
3275 1
3276 1
3277 1
3285 1
3302 1
3305 1
3320 1
3323 1
3331 1
3335 1
3337 1
3339 1
3362 1
3363 1
3364 1
3365 1
3373 1
3387 1
3394 1
3404 1
3405 1
3415 1
3417 1
3419 1
3420 1
3421 1
3425 1
3434 1
3448 1
3455 1
3457 1
3458 1
3460 1
3471 1
3473 1
3484 1
3486 1
3489 1
3562 1
3563 1
3564 1
3565 1
3575 1
3578 1
3592 1
3593 1
3606 1
3625 1
3626 1
3627 1
3628 1
3630 1
3632 1
3642 1
3643 1
3688 1
3689 1
3851 1
3878 1
3992 1
3999 1
4000 1
4002 1
4003 1
4010 1
4011 1
4012 1
4015 1
4017 1
4018 1
4028 1
4030 1
4033 1
4034 1
4036 1
4073 1
4075 1
4080 1
4081 1
4086 1
4087 1
4088 1
4091 1
4092 1
4093 1
4127 1
4128 1
4133 1
4243 1
4249 1
4259 1
4265 1
4266 1
4267 1
4268 1
4272 1
4274 1
4277 1
4278 1
4280 1
4283 1
4284 1
4285 1
4287 1
4290 1
4312 1
4313 1
4315 1
4316 1
4317 1
4318 1
4319 1
4320 1
4322 1
4323 1
4326 1
4334 1
4344 1
4346 1
4349 1
4352 1
4354 1
4366 1
4368 1
4369 1
4372 1
4414 1
4416 1
4508 1
4621 1
4767 1
4768 1
4769 1
4780 1
4783 1
4788 1
4789 1
4791 1
4792 1
4805 1
4812 1
4816 1
4817 1
4818 1
4819 1
4820 1
4827 1
4832 1
4834 1
4835 1
4839 1
4853 1
4855 1
4858 1
4859 1
4860 1
4862 1
4863 1
4867 1
4872 1
4873 1
4874 1
4878 1
4880 1
4882 1
4884 1
4885 1
4886 1
4888 1
4890 1
4893 1
4894 1
4895 1
4896 1
4897 1
4898 1
4899 1
4900 1
4901 1
4909 1
4910 1
4937 1
4940 1
4942 1
4948 1
4953 1
4969 1
4984 1
5099 1
5159 1
5181 1
5223 1
5231 1
5254 1
5264 1
5275 1
5318 1
5328 1
5346 1
5347 1
5348 1
5349 1
5350 1
5353 1
5368 1
5380 1
5388 1
5390 1
5400 1
5404 1
5406 1
5412 1
5413 1
5479 1
5506 1
5548 1
5575 1
5577 1
5584 1
5854 1
5947 1
5951 1
5952 1
5954 1
6011 1
6013 1
6054 1
6057 1
6060 1
6063 1
6069 1
6070 1
6072 1
6080 1
6083 1
6095 1
6115 1
6116 1
6123 1
6128 1
6129 1
6130 1
6131 1
6132 1
6138 1
6142 1
6157 1
6436 1
6882 1
6884 1
6886 1
6888 1
6892 1
6898 1
6959 1
6960 1
6961 1
6963 1
6964 1
6966 1
6967 1
6969 1
6971 1
6974 1
6979 1
6980 1
7753 1
7756 1
7757 1
7759 1
7760 1
7762 1
7766 1
7768 1
7771 1
7772 1
7779 1
7781 1
7784 1
7806 1
7807 1
7817 1
7835 1
8074 1
8076 1
8077 1
8079 1
8080 1
8081 1
8082 1
8084 1
8086 1
8087 1
8089 1
8092 1
8094 1
8095 1
8096 1
8100 1
8103 1
8104 1
8105 1
8107 1
8113 1
8118 1
8119 1
8120 1
8122 1
8124 1
8130 1
8132 1
8137 1
8143 1
8152 1
8155 1
8158 1
8161 1
8184 1
8310 1
u8311 1
8383 1
8386 1
8388 1
8390 1
8402 1
8408 1
8418 1
8419 1
8422 1
8425 1
8427 1
8428 1
8430 1
8436 1
8438 1
8441 1
u8445 1
8447 1
8451 1
8453 1
8455 1
8456 1
8457 1
8459 1
8461 1
8467 1
8468 1
8469 1
8473 1
8477 1
8478 1
8479 1
8487 1
8489 1
8491 1
8494 1
8507 1
8509 1
8518 1
8520 1
8523 1
8532 1
8537 1
8543 1
8546 1
8548 1
8553 1
8570 1
u8572 1
8581 1
8584 1
8587 1
8588 1
8590 1
8596 1
8597 1
8598 1
8604 1
8612 1
8617 1
8624 1
8627 1
8629 1
8640 1
8645 1
8649 1
8657 1
8663 1
8664 1
8666 1
8667 1
8672 1
8674 1
8675 1
8678 1
8679 1
8691 1
8693 1
8697 1
8704 1
8706 1
8709 1
8716 1
8719 1
8722 1
8727 1
8733 1
8735 1
8737 1
8738 1
8740 1
8745 1
8756 1
8759 1
8764 1
8766 1
8774 1
8775 1
8777 1
8779 1
8783 1
8785 1
8786 1
8788 1
8795 1
8797 1
8798 1
8801 1
8808 1
8812 1
8814 1
8815 1
8816 1
8817 1
8818 1
8819 1
8820 1
8826 1
8828 1
8834 1
8836 1
8837 1
8838 1
8839 1
8840 1
8842 1
8843 1
8846 1
8847 1
8848 1
8849 1
8850 1
8852 1
8854 1
8855 1
8866 1
8875 1
8878 1
8880 1
8881 1
8882 1
8883 1
8884 1
8890 1
8891 1
8897 1
8899 1
8900 1
8901 1
8903 1
8905 1
8907 1
8908 1
8909 1
8913 1
8919 1
8923 1
8927 1
8928 1
8929 1
8936 1
8938 1
8939 1
8941 1
8942 1
8944 1
8948 1
8949 1
8950 1
8963 1
8964 1
8967 1
8969 1
8971 1
8976 1
8977 1
8978 1
8979 1
8980 1
8981 1
8982 1
8987 1
8988 1
8991 1
8999 1
9001 1
9002 1
9006 1
9008 1
9009 1
9010 1
9013 1
9016 1
9017 1
9023 1
9024 1
9025 1
9031 1
9032 1
9035 1
9039 1
9040 1
9042 1
9044 1
9047 1
9048 1
9049 1
9051 1
9053 1
9054 1
9056 1
9058 1
u9060 1
9063 1
9069 1
9072 1
9081 1
9082 1
9083 1
9084 1
9085 1
9086 1
9089 1
9091 1
9092 1
9094 1
9095 1
9098 1
9101 1
9110 1
9111 1
9113 1
9114 1
9118 1
9121 1
9122 1
9123 1
9125 1
9126 1
9127 1
9131 1
9132 1
9134 1
9141 1
9143 1
9144 1
9145 1
9147 1
9148 1
9149 1
9152 1
9153 1
9154 1
9164 1
9168 1
9173 1
9174 1
9175 1
9176 1
9178 1
9180 1
9186 1
9193 1
9194 1
9195 1
9196 1
9197 1
9198 1
9199 1
9203 1
9204 1
9205 1
9206 1
9208 1
9210 1
9211 1
9213 1
9214 1
9215 1
9219 1
9223 1
9226 1
9231 1
9233 1
9235 1
9239 1
9243 1
9247 1
9250 1
9251 1
9253 1
9256 1
9257 1
9260 1
9262 1
9265 1
9272 1
9274 1
9278 1
9280 1
9282 1
9283 1
9287 1
9288 1
9291 1
9293 1
9301 1
9302 1
9303 1
9304 1
9305 1
9308 1
9310 1
9311 1
9318 1
9319 1
9320 1
9321 1
9325 1
9328 1
9329 1
9332 1
9342 1
9344 1
9345 1
9357 1
9360 1
9365 1
9367 1
9369 1
9370 1
9372 1
9376 1
9377 1
9380 1
9382 1
9383 1
9384 1
9386 1
9389 1
9391 1
9397 1
9400 1
9408 1
9415 1
9427 1
9431 1
9434 1
9436 1
9438 1
9439 1
9442 1
9446 1
9447 1
9449 1
9452 1
9456 1
9461 1
9465 1
9466 1
9468 1
9471 1
9474 1
9478 1
9480 1
9481 1
9482 1
9483 1
9484 1
9486 1
9489 1
9495 1
9497 1
9499 1
9503 1
9511 1
9514 1
9515 1
9521 1
9527 1
9528 1
9529 1
9538 1
9544 1
9545 1
9548 1
9553 1
9556 1
9559 1
9563 1
9564 1
9565 1
9569 1
9572 1
9573 1
9574 1
9575 1
9590 1
9591 1
9592 1
9594 1
9597 1
9604 1
9605 1
9609 1
9611 1
9612 1
9614 1
9615 1
9620 1
9630 1
9631 1
9638 1
9640 1
9647 1
9648 1
9650 1
9652 1
9659 1
9662 1
9667 1
9669 1
9670 1
9672 1
9674 1
9682 1
9684 1
9691 1
9695 1
9696 1
9697 1
9699 1
9702 1
9709 1
9710 1
u9714 1
9715 1
9716 1
9723 1
9724 1
9731 1
9738 1
9744 1
9753 1
9755 1
9760 1
9762 1
9764 1
9766 1
9767 1
9779 1
9780 1
9781 1
9785 1
9791 1
9798 1
9805 1
9811 1
9813 1
9816 1
9825 1
9826 1
9827 1
9829 1
9834 1
9835 1
9838 1
9842 1
9849 1
9851 1
9854 1
9862 1
9865 1
9867 1
9871 1
9873 1
9887 1
9889 1
9893 1
9899 1
9910 1
9917 1
9929 1
9933 1
9937 1
9944 1
9945 1
9947 1
9948 1
9950 1
9954 1
9958 1
9962 1
9964 1
9966 1
9968 1
9975 1
9977 1
9985 1
9999 1
new1Aa 1
new1Ab 1
new1Ba 1
new1Bb 1
new1Bc 1
new1C 1
new1D 1
new2A 1
new2B 1
new2C 1
new3A 1
new3B 1
new3C 1
new3D 1
new3E 1
new4A 1
new4B 1
new5A 1
new5B 1
new6A 1
new6B 1
new6C 1
new6D 1
new6E 1
